image: last_map.pgm
resolution: 0.150000
origin: [-3.068787, -2.326924, 0.000000]
negate: 0
occupied_thresh: 0.65
free_thresh: 0.196

