image: last_map.pgm
resolution: 0.150000
origin: [-2.936535, -2.580521, 0.000000]
negate: 0
occupied_thresh: 0.65
free_thresh: 0.196

