image: last_map.pgm
resolution: 0.150000
origin: [-7.947783, -3.833405, 0.000000]
negate: 0
occupied_thresh: 0.65
free_thresh: 0.196

