image: difficult_map_success.pgm
resolution: 0.150000
origin: [-8.285390, -3.888087, 0.000000]
negate: 0
occupied_thresh: 0.65
free_thresh: 0.196

